unsigned char Logtable[256] = {
  0,   0,  25,   1,  50,   2,  26, 198,  75, 199,  27, 104,  51, 238, 223,   3, 
100,   4, 224,  14,  52, 141, 129, 239,  76, 113,   8, 200, 248, 105,  28, 193, 
125, 194,  29, 181, 249, 185,  39, 106,  77, 228, 166, 114, 154, 201,   9, 120, 
101,  47, 138,   5,  33,  15, 225,  36,  18, 240, 130,  69,  53, 147, 218, 142, 
150, 143, 219, 189,  54, 208, 206, 148,  19,  92, 210, 241,  64,  70, 131,  56, 
102, 221, 253,  48, 191,   6, 139,  98, 179,  37, 226, 152,  34, 136, 145,  16, 
126, 110,  72, 195, 163, 182,  30,  66,  58, 107,  40,  84, 250, 133,  61, 186, 
 43, 121,  10,  21, 155, 159,  94, 202,  78, 212, 172, 229, 243, 115, 167,  87, 
175,  88, 168,  80, 244, 234, 214, 116,  79, 174, 233, 213, 231, 230, 173, 232, 
 44, 215, 117, 122, 235,  22,  11, 245,  89, 203,  95, 176, 156, 169,  81, 160, 
127,  12, 246, 111,  23, 196,  73, 236, 216,  67,  31,  45, 164, 118, 123, 183, 
204, 187,  62,  90, 251,  96, 177, 134,  59,  82, 161, 108, 170,  85,  41, 157, 
151, 178, 135, 144,  97, 190, 220, 252, 188, 149, 207, 205,  55,  63,  91, 209, 
 83,  57, 132,  60,  65, 162, 109,  71,  20,  42, 158,  93,  86, 242, 211, 171, 
 68,  17, 146, 217,  35,  32,  46, 137, 180, 124, 184,  38, 119, 153, 227, 165, 
103,  74, 237, 222, 197,  49, 254,  24,  13,  99, 140, 128, 192, 247, 112,   7, 
};

unsigned char Alogtable[256] = {
  1,   3,   5,  15,  17,  51,  85, 255,  26,  46, 114, 150, 161, 248,  19,  53, 
 95, 225,  56,  72, 216, 115, 149, 164, 247,   2,   6,  10,  30,  34, 102, 170, 
229,  52,  92, 228,  55,  89, 235,  38, 106, 190, 217, 112, 144, 171, 230,  49, 
 83, 245,   4,  12,  20,  60,  68, 204,  79, 209, 104, 184, 211, 110, 178, 205, 
 76, 212, 103, 169, 224,  59,  77, 215,  98, 166, 241,   8,  24,  40, 120, 136, 
131, 158, 185, 208, 107, 189, 220, 127, 129, 152, 179, 206,  73, 219, 118, 154, 
181, 196,  87, 249,  16,  48,  80, 240,  11,  29,  39, 105, 187, 214,  97, 163, 
254,  25,  43, 125, 135, 146, 173, 236,  47, 113, 147, 174, 233,  32,  96, 160, 
251,  22,  58,  78, 210, 109, 183, 194,  93, 231,  50,  86, 250,  21,  63,  65, 
195,  94, 226,  61,  71, 201,  64, 192,  91, 237,  44, 116, 156, 191, 218, 117, 
159, 186, 213, 100, 172, 239,  42, 126, 130, 157, 188, 223, 122, 142, 137, 128, 
155, 182, 193,  88, 232,  35, 101, 175, 234,  37, 111, 177, 200,  67, 197,  84, 
252,  31,  33,  99, 165, 244,   7,   9,  27,  45, 119, 153, 176, 203,  70, 202, 
 69, 207,  74, 222, 121, 139, 134, 145, 168, 227,  62,  66, 198,  81, 243,  14, 
 18,  54,  90, 238,  41, 123, 141, 140, 143, 138, 133, 148, 167, 242,  13,  23, 
 57,  75, 221, 124, 132, 151, 162, 253,  28,  36, 108, 180, 199,  82, 246,   1, 
};

unsigned char gmul8[7][7] = 
 {{1,2,3,4,5,6,7},
 {2,4,6,3,1,7,5},
 {3,6,5,7,4,1,2},
 {4,3,7,6,2,5,1},
 {5,1,4,2,7,3,6},
 {6,7,1,5,3,2,4}, 
 {7,5,2,1,6,4,3}};

unsigned char gmul16[15][15] = {{1,2,3,4,5,6,7,8,9,10,11,12,13,14,15},
								{2,4,6,8,10,12,14,9,11,13,15,1,3,5,7},
								{3,6,5,12,15,10,9,1,2,7,4,13,14,11,8},
								{4,8,12,9,13,1,5,11,15,3,7,2,6,10,14},
								{5,10,15,13,8,7,2,3,6,9,12,14,11,4,1},
								{6,12,10,1,7,13,11,2,4,14,8,3,5,15,9},
								{7,14,9,5,2,11,12,10,13,4,3,15,8,1,6},
								{8,9,1,11,3,2,10,15,7,6,14,4,12,13,5},
								{9,11,2,15,6,4,13,7,14,12,5,8,1,3,10},
								{10,13,7,3,9,14,4,6,12,11,1,5,15,8,2},
								{11,15,4,7,12,8,3,14,5,1,10,9,2,6,13},
								{12,1,13,2,14,3,15,4,8,5,9,6,10,7,11},
								{13,3,14,6,11,5,8,12,1,15,2,10,7,9,4},
								{14,5,11,10,4,15,1,13,3,8,6,7,9,2,12},
								{15,7,8,14,1,9,6,5,10,2,13,11,4,12,3}};

					
unsigned char gmul16v2[15][15] = {{1,2,3,4,5,6,7,8,9,10,11,12,13,14,15}, 
								 {2,4,6,8,10,12,14,3,1,7,5,11,9,15,13}, 
								 {3,6,5,12,15,10,9,11,8,13,14,7,4,1,2}, 
								 {4,8,12,3,7,11,15,6,2,14,10,5,1,13,9}, 
								 {5,10,15,7,2,13,8,14,11,4,1,9,12,3,6}, 
								 {6,12,10,11,13,7,1,5,3,9,15,14,8,2,4},
								 {7,14,9,15,8,1,6,13,10,3,4,2,5,12,11},
								 {8,3,11,6,14,5,13,12,4,15,7,10,2,9,1}, 
								 {9,1,8,2,11,3,10,4,13,5,12,6,15,7,14},
								 {10,7,13,14,4,9,3,15,5,8,2,1,11,6,12},
								 {11,5,14,10,1,15,4,7,12,2,9,13,6,8,3},
								 {12,11,7,5,9,14,2,10,6,1,13,15,3,4,8},
								 {13,9,4,1,12,8,5,2,15,11,6,3,14,10,7}, 
								 {14,15,1,13,3,2,12,9,7,6,8,4,10,11,5},
								 {15,13,2,9,6,4,11,1,14,12,3,8,7,5,10}};
								 
unsigned char gmul32[31][31] = 
{{1,2,3,4,5,6,7,8,9,10,11,12,13,14,15,16,17,18,19,20,21,22,23,24,25,26,27,28,29,30,31},
{2,4,6,8,10,12,14,16,18,20,22,24,26,28,30,5,7,1,3,13,15,9,11,21,23,17,19,29,31,25,27},
{3,6,5,12,15,10,9,24,27,30,29,20,23,18,17,21,22,19,16,25,26,31,28,13,14,11,8,1,2,7,4},
{4,8,12,16,20,24,28,5,1,13,9,21,17,29,25,10,14,2,6,26,30,18,22,15,11,7,3,31,27,23,19},
{5,10,15,20,17,30,27,13,8,7,2,25,28,19,22,26,31,16,21,14,11,4,1,23,18,29,24,3,6,9,12},
{6,12,10,24,30,20,18,21,19,25,31,13,11,1,7,15,9,3,5,23,17,27,29,26,28,22,16,2,4,14,8},
{7,14,9,28,27,18,21,29,26,19,20,1,6,15,8,31,24,17,22,3,4,13,10,2,5,12,11,30,25,16,23},
{8,16,24,5,13,21,29,10,2,26,18,15,7,31,23,20,28,4,12,17,25,1,9,30,22,14,6,27,19,11,3},
{9,18,27,1,8,19,26,2,11,16,25,3,10,17,24,4,13,22,31,5,12,23,30,6,15,20,29,7,14,21,28},
{10,20,30,13,7,25,19,26,16,14,4,23,29,3,9,17,27,5,15,28,22,8,2,11,1,31,21,6,12,18,24},
{11,22,29,9,2,31,20,18,25,4,15,27,16,13,6,1,10,23,28,8,3,30,21,19,24,5,14,26,17,12,7},
{12,24,20,21,25,13,1,15,3,23,27,26,22,2,14,30,18,6,10,11,7,19,31,17,29,9,5,4,8,28,16},
{13,26,23,17,28,11,6,7,10,29,16,22,27,12,1,14,3,20,25,31,18,5,8,9,4,19,30,24,21,2,15},
{14,28,18,29,19,1,15,31,17,3,13,2,12,30,16,27,21,7,9,6,8,26,20,4,10,24,22,25,23,5,11},
{15,30,17,25,22,7,8,23,24,9,6,14,1,16,31,11,4,21,26,18,29,12,3,28,19,2,13,5,10,27,20},
{16,5,21,10,26,15,31,20,4,17,1,30,14,27,11,13,29,8,24,7,23,2,18,25,9,28,12,19,3,22,6},
{17,7,22,14,31,9,24,28,13,27,10,18,3,21,4,29,12,26,11,19,2,20,5,1,16,6,23,15,30,8,25},
{18,1,19,2,16,3,17,4,22,5,23,6,20,7,21,8,26,9,27,10,24,11,25,12,30,13,31,14,28,15,29},
{19,3,16,6,21,5,22,12,31,15,28,10,25,9,26,24,11,27,8,30,13,29,14,20,7,23,4,18,1,17,2},
{20,13,25,26,14,23,3,17,5,28,8,11,31,6,18,7,19,10,30,29,9,16,4,22,2,27,15,12,24,1,21},
{21,15,26,30,11,17,4,25,12,22,3,7,18,8,29,23,2,24,13,9,28,6,19,14,27,1,20,16,5,31,10},
{22,9,31,18,4,27,13,1,23,8,30,19,5,26,12,2,20,11,29,16,6,25,15,3,21,10,28,17,7,24,14},
{23,11,28,22,1,29,10,9,30,2,21,31,8,20,3,18,5,25,14,4,19,15,24,27,12,16,7,13,26,6,17},
{24,21,13,15,23,26,2,30,6,11,19,17,9,4,28,25,1,12,20,22,14,3,27,7,31,18,10,8,16,29,5},
{25,23,14,11,18,28,5,22,15,1,24,29,4,10,19,9,16,30,7,2,27,21,12,31,6,8,17,20,13,3,26},
{26,17,11,7,29,22,12,14,20,31,5,9,19,24,2,28,6,13,23,27,1,10,16,18,8,3,25,21,15,4,30},
{27,19,8,3,24,16,11,6,29,21,14,5,30,22,13,12,23,31,4,15,20,28,7,10,17,25,2,9,18,26,1},
{28,29,1,31,3,2,30,27,7,6,26,4,24,25,5,19,15,14,18,12,16,17,13,8,20,21,9,23,11,10,22},
{29,31,2,27,6,4,25,19,14,12,17,8,21,23,10,3,30,28,1,24,5,7,26,16,13,15,18,11,22,20,9},
{30,25,7,23,9,14,16,11,21,18,12,28,2,5,27,22,8,15,17,1,31,24,6,29,3,4,26,10,20,19,13},
{31,27,4,19,12,8,23,3,28,24,7,16,15,11,20,6,25,29,2,21,10,14,17,5,26,30,1,22,9,13,18}};

unsigned char gmul64[63][63] = 
{{1,2,3,4,5,6,7,8,9,10,11,12,13,14,15,16,17,18,19,20,21,22,23,24,25,26,27,28,29,30,31,32,33,34,35,36,37,38,39,40,41,42,43,44,45,46,47,48,49,50,51,52,53,54,55,56,57,58,59,60,61,62,63}, 
 {2,4,6,8,10,12,14,16,18,20,22,24,26,28,30,32,34,36,38,40,42,44,46,48,50,52,54,56,58,60,62,3,1,7,5,11,9,15,13,19,17,23,21,27,25,31,29,35,33,39,37,43,41,47,45,51,49,55,53,59,57,63,61}, 
 {3,6,5,12,15,10,9,24,27,30,29,20,23,18,17,48,51,54,53,60,63,58,57,40,43,46,45,36,39,34,33,35,32,37,38,47,44,41,42,59,56,61,62,55,52,49,50,19,16,21,22,31,28,25,26,11,8,13,14,7,4,1,2}, 
 {4,8,12,16,20,24,28,32,36,40,44,48,52,56,60,3,7,11,15,19,23,27,31,35,39,43,47,51,55,59,63,6,2,14,10,22,18,30,26,38,34,46,42,54,50,62,58,5,1,13,9,21,17,29,25,37,33,45,41,53,49,61,57}, 
 {5,10,15,20,17,30,27,40,45,34,39,60,57,54,51,19,22,25,28,7,2,13,8,59,62,49,52,47,42,37,32,38,35,44,41,50,55,56,61,14,11,4,1,26,31,16,21,53,48,63,58,33,36,43,46,29,24,23,18,9,12,3,6}, 
 {6,12,10,24,30,20,18,48,54,60,58,40,46,36,34,35,37,47,41,59,61,55,49,19,21,31,25,11,13,7,1,5,3,9,15,29,27,17,23,53,51,57,63,45,43,33,39,38,32,42,44,62,56,50,52,22,16,26,28,14,8,2,4},
 {7,14,9,28,27,18,21,56,63,54,49,36,35,42,45,51,52,61,58,47,40,33,38,11,12,5,2,23,16,25,30,37,34,43,44,57,62,55,48,29,26,19,20,1,6,15,8,22,17,24,31,10,13,4,3,46,41,32,39,50,53,60,59}, 
 {8,16,24,32,40,48,56,3,11,19,27,35,43,51,59,6,14,22,30,38,46,54,62,5,13,21,29,37,45,53,61,12,4,28,20,44,36,60,52,15,7,31,23,47,39,63,55,10,2,26,18,42,34,58,50,9,1,25,17,41,33,57,49},
 {9,18,27,36,45,54,63,11,2,25,16,47,38,61,52,22,31,4,13,50,59,32,41,29,20,15,6,57,48,43,34,44,37,62,55,8,1,26,19,39,46,53,60,3,10,17,24,58,51,40,33,30,23,12,5,49,56,35,42,21,28,7,14}, 
 {10,20,30,40,34,60,54,19,25,7,13,59,49,47,37,38,44,50,56,14,4,26,16,53,63,33,43,29,23,9,3,15,5,27,17,39,45,51,57,28,22,8,2,52,62,32,42,41,35,61,55,1,11,21,31,58,48,46,36,18,24,6,12}, 
 {11,22,29,44,39,58,49,27,16,13,6,55,60,33,42,54,61,32,43,26,17,12,7,45,38,59,48,1,10,23,28,47,36,57,50,3,8,21,30,52,63,34,41,24,19,14,5,25,18,15,4,53,62,35,40,2,9,20,31,46,37,56,51}, 
 {12,24,20,48,60,40,36,35,47,59,55,19,31,11,7,5,9,29,17,53,57,45,33,38,42,62,50,22,26,14,2,10,6,18,30,58,54,34,46,41,37,49,61,25,21,1,13,15,3,23,27,63,51,39,43,44,32,52,56,28,16,4,8}, 
 {13,26,23,52,57,46,35,43,38,49,60,31,18,5,8,21,24,15,2,33,44,59,54,62,51,36,41,10,7,16,29,42,39,48,61,30,19,4,9,1,12,27,22,53,56,47,34,63,50,37,40,11,6,17,28,20,25,14,3,32,45,58,55}, 
 {14,28,18,56,54,36,42,51,61,47,33,11,5,23,25,37,43,57,55,29,19,1,15,22,24,10,4,46,32,50,60,9,7,21,27,49,63,45,35,58,52,38,40,2,12,30,16,44,34,48,62,20,26,8,6,31,17,3,13,39,41,59,53}, 
 {15,30,17,60,51,34,45,59,52,37,42,7,8,25,22,53,58,43,36,9,6,23,24,14,1,16,31,50,61,44,35,41,38,55,56,21,26,11,4,18,29,12,3,46,33,48,63,28,19,2,13,32,47,62,49,39,40,57,54,27,20,5,10}, 
 {16,32,48,3,19,35,51,6,22,38,54,5,21,37,53,12,28,44,60,15,31,47,63,10,26,42,58,9,25,41,57,24,8,56,40,27,11,59,43,30,14,62,46,29,13,61,45,20,4,52,36,23,7,55,39,18,2,50,34,17,1,49,33}, 
 {17,34,51,7,22,37,52,14,31,44,61,9,24,43,58,28,13,62,47,27,10,57,40,18,3,48,33,21,4,55,38,56,41,26,11,63,46,29,12,54,39,20,5,49,32,19,2,36,53,6,23,35,50,1,16,42,59,8,25,45,60,15,30}, 
 {18,36,54,11,25,47,61,22,4,50,32,29,15,57,43,44,62,8,26,39,53,3,17,58,40,30,12,49,35,21,7,27,9,63,45,16,2,52,38,13,31,41,59,6,20,34,48,55,37,19,1,60,46,24,10,33,51,5,23,42,56,14,28}, 
 {19,38,53,15,28,41,58,30,13,56,43,17,2,55,36,60,47,26,9,51,32,21,6,34,49,4,23,45,62,11,24,59,40,29,14,52,39,18,1,37,54,3,16,42,57,12,31,7,20,33,50,8,27,46,61,25,10,63,44,22,5,48,35}, 
 {20,40,60,19,7,59,47,38,50,14,26,53,33,29,9,15,27,39,51,28,8,52,32,41,61,1,21,58,46,18,6,30,10,54,34,13,25,37,49,56,44,16,4,43,63,3,23,17,5,57,45,2,22,42,62,55,35,31,11,36,48,12,24}, 
 {21,42,63,23,2,61,40,46,59,4,17,57,44,19,6,31,10,53,32,8,29,34,55,49,36,27,14,38,51,12,25,62,43,20,1,41,60,3,22,16,5,58,47,7,18,45,56,33,52,11,30,54,35,28,9,15,26,37,48,24,13,50,39}, 
 {22,44,58,27,13,55,33,54,32,26,12,45,59,1,23,47,57,3,21,52,34,24,14,25,15,53,35,2,20,46,56,29,11,49,39,6,16,42,60,43,61,7,17,48,38,28,10,50,36,30,8,41,63,5,19,4,18,40,62,31,9,51,37}, 
 {23,46,57,31,8,49,38,62,41,16,7,33,54,15,24,63,40,17,6,32,55,14,25,1,22,47,56,30,9,48,39,61,42,19,4,34,53,12,27,3,20,45,58,28,11,50,37,2,21,44,59,29,10,51,36,60,43,18,5,35,52,13,26}, 
 {24,48,40,35,59,19,11,5,29,53,45,38,62,22,14,10,18,58,34,41,49,25,1,15,23,63,39,44,52,28,4,20,12,36,60,55,47,7,31,17,9,33,57,50,42,2,26,30,6,46,54,61,37,13,21,27,3,43,51,56,32,8,16}, 
 {25,50,43,39,62,21,12,13,20,63,38,42,51,24,1,26,3,40,49,61,36,15,22,23,14,37,60,48,41,2,27,52,45,6,31,19,10,33,56,57,32,11,18,30,7,44,53,46,55,28,5,9,16,59,34,35,58,17,8,4,29,54,47}, 
 {26,52,46,43,49,31,5,21,15,33,59,62,36,10,16,42,48,30,4,1,27,53,47,63,37,11,17,20,14,32,58,23,13,35,57,60,38,8,18,2,24,54,44,41,51,29,7,61,39,9,19,22,12,34,56,40,50,28,6,3,25,55,45}, 
 {27,54,45,47,52,25,2,29,6,43,48,50,41,4,31,58,33,12,23,21,14,35,56,39,60,17,10,8,19,62,37,55,44,1,26,24,3,46,53,42,49,28,7,5,30,51,40,13,22,59,32,34,57,20,15,16,11,38,61,63,36,9,18}, 
 {28,56,36,51,47,11,23,37,57,29,1,22,10,46,50,9,21,49,45,58,38,2,30,44,48,20,8,31,3,39,59,18,14,42,54,33,61,25,5,55,43,15,19,4,24,60,32,27,7,35,63,40,52,16,12,62,34,6,26,13,17,53,41}, 
 {29,58,39,55,42,13,16,45,48,23,10,26,7,32,61,25,4,35,62,46,51,20,9,52,41,14,19,3,30,57,36,50,47,8,21,5,24,63,34,31,2,37,56,40,53,18,15,43,54,17,12,28,1,38,59,6,27,60,33,49,44,11,22}, 
 {30,60,34,59,37,7,25,53,43,9,23,14,16,50,44,41,55,21,11,18,12,46,48,28,2,32,62,39,57,27,5,17,15,45,51,42,52,22,8,36,58,24,6,31,1,35,61,56,38,4,26,3,29,63,33,13,19,49,47,54,40,10,20}, 
 {31,62,33,63,32,1,30,61,34,3,28,2,29,60,35,57,38,7,24,6,25,56,39,4,27,58,37,59,36,5,26,49,46,15,16,14,17,48,47,12,19,50,45,51,44,13,18,8,23,54,41,55,40,9,22,53,42,11,20,10,21,52,43},
 {32,3,35,6,38,5,37,12,44,15,47,10,42,9,41,24,56,27,59,30,62,29,61,20,52,23,55,18,50,17,49,48,16,51,19,54,22,53,21,60,28,63,31,58,26,57,25,40,8,43,11,46,14,45,13,36,4,39,7,34,2,33,1}, 
 {33,1,32,2,35,3,34,4,37,5,36,6,39,7,38,8,41,9,40,10,43,11,42,12,45,13,44,14,47,15,46,16,49,17,48,18,51,19,50,20,53,21,52,22,55,23,54,24,57,25,56,26,59,27,58,28,61,29,60,30,63,31,62}, 
 {34,7,37,14,44,9,43,28,62,27,57,18,48,21,55,56,26,63,29,54,20,49,19,36,6,35,1,42,8,45,15,51,17,52,22,61,31,58,24,47,13,40,10,33,3,38,4,11,41,12,46,5,39,2,32,23,53,16,50,25,59,30,60}, 
 {35,5,38,10,41,15,44,20,55,17,50,30,61,27,56,40,11,45,14,34,1,39,4,60,31,57,26,54,21,51,16,19,48,22,53,25,58,28,63,7,36,2,33,13,46,8,43,59,24,62,29,49,18,52,23,47,12,42,9,37,6,32,3}, 
 {36,11,47,22,50,29,57,44,8,39,3,58,30,49,21,27,63,16,52,13,41,6,34,55,19,60,24,33,5,42,14,54,18,61,25,32,4,43,15,26,62,17,53,12,40,7,35,45,9,38,2,59,31,48,20,1,37,10,46,23,51,28,56}, 
 {37,9,44,18,55,27,62,36,1,45,8,54,19,63,26,11,46,2,39,25,60,16,53,47,10,38,3,61,24,52,17,22,51,31,58,4,33,13,40,50,23,59,30,32,5,41,12,29,56,20,49,15,42,6,35,57,28,48,21,43,14,34,7}, 
 {38,15,41,30,56,17,55,60,26,51,21,34,4,45,11,59,29,52,18,37,3,42,12,7,33,8,46,25,63,22,48,53,19,58,28,43,13,36,2,9,47,6,32,23,49,24,62,14,40,1,39,16,54,31,57,50,20,61,27,44,10,35,5}, 
 {39,13,42,26,61,23,48,52,19,57,30,46,9,35,4,43,12,38,1,49,22,60,27,31,56,18,53,5,34,8,47,21,50,24,63,15,40,2,37,33,6,44,11,59,28,54,17,62,25,51,20,36,3,41,14,10,45,7,32,16,55,29,58}, 
 {40,19,59,38,14,53,29,15,39,28,52,41,1,58,18,30,54,13,37,56,16,43,3,17,57,2,42,55,31,36,12,60,20,47,7,26,50,9,33,51,27,32,8,21,61,6,46,34,10,49,25,4,44,23,63,45,5,62,22,11,35,24,48}, 
 {41,17,56,34,11,51,26,7,46,22,63,37,12,52,29,14,39,31,54,44,5,61,20,9,32,24,49,43,2,58,19,28,53,13,36,62,23,47,6,27,50,10,35,57,16,40,1,18,59,3,42,48,25,33,8,21,60,4,45,55,30,38,15}, 
 {42,23,61,46,4,57,19,31,53,8,34,49,27,38,12,62,20,41,3,16,58,7,45,33,11,54,28,15,37,24,50,63,21,40,2,17,59,6,44,32,10,55,29,14,36,25,51,1,43,22,60,47,5,56,18,30,52,9,35,48,26,39,13}, 
 {43,21,62,42,1,63,20,23,60,2,41,61,22,40,3,46,5,59,16,4,47,17,58,57,18,44,7,19,56,6,45,31,52,10,33,53,30,32,11,8,35,29,54,34,9,55,28,49,26,36,15,27,48,14,37,38,13,51,24,12,39,25,50}, 
 {44,27,55,54,26,45,1,47,3,52,24,25,53,2,46,29,49,6,42,43,7,48,28,50,30,41,5,4,40,31,51,58,22,33,13,12,32,23,59,21,57,14,34,35,15,56,20,39,11,60,16,17,61,10,38,8,36,19,63,62,18,37,9}, 
 {45,25,52,50,31,43,6,39,10,62,19,21,56,12,33,13,32,20,57,63,18,38,11,42,7,51,30,24,53,1,44,26,55,3,46,40,5,49,28,61,16,36,9,15,34,22,59,23,58,14,35,37,8,60,17,48,29,41,4,2,47,27,54}, 
 {46,31,49,62,16,33,15,63,17,32,14,1,47,30,48,61,19,34,12,3,45,28,50,2,44,29,51,60,18,35,13,57,23,38,8,7,41,24,54,6,40,25,55,56,22,39,9,4,42,27,53,58,20,37,11,59,21,36,10,5,43,26,52}, 
 {47,29,50,58,21,39,8,55,24,42,5,13,34,16,63,45,2,48,31,23,56,10,37,26,53,7,40,32,15,61,18,25,54,4,43,35,12,62,17,46,1,51,28,20,59,9,38,52,27,41,6,14,33,19,60,3,44,30,49,57,22,36,11}, 
 {48,35,19,5,53,38,22,10,58,41,25,15,63,44,28,20,36,55,7,17,33,50,2,30,46,61,13,27,43,56,8,40,24,11,59,45,29,14,62,34,18,1,49,39,23,4,52,60,12,31,47,57,9,26,42,54,6,21,37,51,3,16,32}, 
 {49,33,16,1,48,32,17,2,51,35,18,3,50,34,19,4,53,37,20,5,52,36,21,6,55,39,22,7,54,38,23,8,57,41,24,9,56,40,25,10,59,43,26,11,58,42,27,12,61,45,28,13,60,44,29,14,63,47,30,15,62,46,31}, 
 {50,39,21,13,63,42,24,26,40,61,15,23,37,48,2,52,6,19,33,57,11,30,44,46,28,9,59,35,17,4,54,43,25,12,62,38,20,1,51,49,3,22,36,60,14,27,41,31,45,56,10,18,32,53,7,5,55,34,16,8,58,47,29}, 
 {51,37,22,9,58,44,31,18,33,55,4,27,40,62,13,36,23,1,50,45,30,8,59,54,5,19,32,63,12,26,41,11,56,46,29,2,49,39,20,25,42,60,15,16,35,53,6,47,28,10,57,38,21,3,48,61,14,24,43,52,7,17,34}, 
 {52,43,31,21,33,62,10,42,30,1,53,63,11,20,32,23,35,60,8,2,54,41,29,61,9,22,34,40,28,3,55,46,26,5,49,59,15,16,36,4,48,47,27,17,37,58,14,57,13,18,38,44,24,7,51,19,39,56,12,6,50,45,25}, 
 {53,41,28,17,36,56,13,34,23,11,62,51,6,26,47,7,50,46,27,22,35,63,10,37,16,12,57,52,1,29,40,14,59,39,18,31,42,54,3,44,25,5,48,61,8,20,33,9,60,32,21,24,45,49,4,43,30,2,55,58,15,19,38}, 
 {54,47,25,29,43,50,4,58,12,21,35,39,17,8,62,55,1,24,46,42,28,5,51,13,59,34,20,16,38,63,9,45,27,2,52,48,6,31,41,23,33,56,14,10,60,37,19,26,44,53,3,7,49,40,30,32,22,15,57,61,11,18,36}, 
 {55,45,26,25,46,52,3,50,5,31,40,43,28,6,49,39,16,10,61,62,9,19,36,21,34,56,15,12,59,33,22,13,58,32,23,20,35,57,14,63,8,18,37,38,17,11,60,42,29,7,48,51,4,30,41,24,47,53,2,1,54,44,27}, 
 {56,51,11,37,29,22,46,9,49,58,2,44,20,31,39,18,42,33,25,55,15,4,60,27,35,40,16,62,6,13,53,36,28,23,47,1,57,50,10,45,21,30,38,8,48,59,3,54,14,5,61,19,43,32,24,63,7,12,52,26,34,41,17},
 {57,49,8,33,24,16,41,1,56,48,9,32,25,17,40,2,59,51,10,35,26,18,43,3,58,50,11,34,27,19,42,4,61,53,12,37,28,20,45,5,60,52,13,36,29,21,44,6,63,55,14,39,30,22,47,7,62,54,15,38,31,23,46},
 {58,55,13,45,23,26,32,25,35,46,20,52,14,3,57,50,8,5,63,31,37,40,18,43,17,28,38,6,60,49,11,39,29,16,42,10,48,61,7,62,4,9,51,19,41,36,30,21,47,34,24,56,2,15,53,12,54,59,1,33,27,22,44},
 {59,53,14,41,18,28,39,17,42,36,31,56,3,13,54,34,25,23,44,11,48,62,5,51,8,6,61,26,33,47,20,7,60,50,9,46,21,27,32,22,45,35,24,63,4,10,49,37,30,16,43,12,55,57,2,52,15,1,58,29,38,40,19},
 {60,59,7,53,9,14,50,41,21,18,46,28,32,39,27,17,45,42,22,36,24,31,35,56,4,3,63,13,49,54,10,34,30,25,37,23,43,44,16,11,55,48,12,62,2,5,57,51,15,8,52,6,58,61,1,26,38,33,29,47,19,20,40},
 {61,57,4,49,12,8,53,33,28,24,37,16,45,41,20,1,60,56,5,48,13,9,52,32,29,25,36,17,44,40,21,2,63,59,6,51,14,10,55,35,30,26,39,18,47,43,22,3,62,58,7,50,15,11,54,34,31,27,38,19,46,42,23},
 {62,63,1,61,3,2,60,57,7,6,56,4,58,59,5,49,15,14,48,12,50,51,13,8,54,55,9,53,11,10,52,33,31,30,32,28,34,35,29,24,38,39,25,37,27,26,36,16,46,47,17,45,19,18,44,41,23,22,40,20,42,43,21},
 {63,61,2,57,6,4,59,49,14,12,51,8,55,53,10,33,30,28,35,24,39,37,26,16,47,45,18,41,22,20,43,1,62,60,3,56,7,5,58,48,15,13,50,9,54,52,11,32,31,29,34,25,38,36,27,17,46,44,19,40,23,21,42}};

unsigned char S[256] = {
 99, 124, 119, 123, 242, 107, 111, 197,  48,   1, 103,  43, 254, 215, 171, 118, 
202, 130, 201, 125, 250,  89,  71, 240, 173, 212, 162, 175, 156, 164, 114, 192, 
183, 253, 147,  38,  54,  63, 247, 204,  52, 165, 229, 241, 113, 216,  49,  21, 
  4, 199,  35, 195,  24, 150,   5, 154,   7,  18, 128, 226, 235,  39, 178, 117, 
  9, 131,  44,  26,  27, 110,  90, 160,  82,  59, 214, 179,  41, 227,  47, 132, 
 83, 209,   0, 237,  32, 252, 177,  91, 106, 203, 190,  57,  74,  76,  88, 207, 
208, 239, 170, 251,  67,  77,  51, 133,  69, 249,   2, 127,  80,  60, 159, 168, 
 81, 163,  64, 143, 146, 157,  56, 245, 188, 182, 218,  33,  16, 255, 243, 210, 
205,  12,  19, 236,  95, 151,  68,  23, 196, 167, 126,  61, 100,  93,  25, 115, 
 96, 129,  79, 220,  34,  42, 144, 136,  70, 238, 184,  20, 222,  94,  11, 219, 
224,  50,  58,  10,  73,   6,  36,  92, 194, 211, 172,  98, 145, 149, 228, 121, 
231, 200,  55, 109, 141, 213,  78, 169, 108,  86, 244, 234, 101, 122, 174,   8, 
186, 120,  37,  46,  28, 166, 180, 198, 232, 221, 116,  31,  75, 189, 139, 138, 
112,  62, 181, 102,  72,   3, 246,  14,  97,  53,  87, 185, 134, 193,  29, 158, 
225, 248, 152,  17, 105, 217, 142, 148, 155,  30, 135, 233, 206,  85,  40, 223, 
140, 161, 137,  13, 191, 230,  66, 104,  65, 153,  45,  15, 176,  84, 187,  22, 
};

unsigned char Si[256] = {
 82,   9, 106, 213,  48,  54, 165,  56, 191,  64, 163, 158, 129, 243, 215, 251, 
124, 227,  57, 130, 155,  47, 255, 135,  52, 142,  67,  68, 196, 222, 233, 203, 
 84, 123, 148,  50, 166, 194,  35,  61, 238,  76, 149,  11,  66, 250, 195,  78, 
  8,  46, 161, 102,  40, 217,  36, 178, 118,  91, 162,  73, 109, 139, 209,  37, 
114, 248, 246, 100, 134, 104, 152,  22, 212, 164,  92, 204,  93, 101, 182, 146, 
108, 112,  72,  80, 253, 237, 185, 218,  94,  21,  70,  87, 167, 141, 157, 132, 
144, 216, 171,   0, 140, 188, 211,  10, 247, 228,  88,   5, 184, 179,  69,   6, 
208,  44,  30, 143, 202,  63,  15,   2, 193, 175, 189,   3,   1,  19, 138, 107, 
 58, 145,  17,  65,  79, 103, 220, 234, 151, 242, 207, 206, 240, 180, 230, 115, 
150, 172, 116,  34, 231, 173,  53, 133, 226, 249,  55, 232,  28, 117, 223, 110, 
 71, 241,  26, 113,  29,  41, 197, 137, 111, 183,  98,  14, 170,  24, 190,  27, 
252,  86,  62,  75, 198, 210, 121,  32, 154, 219, 192, 254, 120, 205,  90, 244, 
 31, 221, 168,  51, 136,   7, 199,  49, 177,  18,  16,  89,  39, 128, 236,  95, 
 96,  81, 127, 169,  25, 181,  74,  13,  45, 229, 122, 159, 147, 201, 156, 239, 
160, 224,  59,  77, 174,  42, 245, 176, 200, 235, 187,  60, 131,  83, 153,  97, 
 23,  43,   4, 126, 186, 119, 214,  38, 225, 105,  20,  99,  85,  33,  12, 125, 
};

unsigned char iG[4][4] = {
{0x0e, 0x09, 0x0d, 0x0b}, 
{0x0b, 0x0e, 0x09, 0x0d}, 
{0x0d, 0x0b, 0x0e, 0x09}, 
{0x09, 0x0d, 0x0b, 0x0e}, 
};

int rcon[30] = { 
  0x01,0x02, 0x04, 0x08, 0x10, 0x20, 0x40, 0x80, 0x1b, 0x36, 0x6c, 0xd8, 0xab, 0x4d, 0x9a, 0x2f, 0x5e, 0xbc, 0x63, 0xc6, 0x97, 0x35, 0x6a, 0xd4, 0xb3, 0x7d, 0xfa, 0xef, 0xc5, 0x91, };
